====================================================================================================
Тест
----------------------------------------------------------------------------------------------------
A =
  [-1,  0,  0,  1,  0,  0, -5,  0,  0]
  [ 0, -1,  0,  0,  0,  0,  0,  0,  0]
  [ 0,  0, -1,  3,  0,  0,  0,  1,  0]
  [ 0,  0,  0, -1,  0,  0,  1,  0,  0]
  [ 0,  0,  0, -1, -1,  1,  0,  0,  0]
  [ 1,  3,  0,  5,  0, -1,  0,  0,  0]
  [ 0,  0,  0,  0,  0,  0, -1,  0,  1]
  [ 0, -1,  0,  0,  0,  0,  0, -1,  0]
  [-3, -3,  1, -15,  0,  0,  0,  0, -1]
Исходная J
J_src =
  [-1,  1,  0,  0,  0,  0,  0,  0,  0]
  [ 0, -1,  1,  0,  0,  0,  0,  0,  0]
  [ 0,  0, -1,  1,  0,  0,  0,  0,  0]
  [ 0,  0,  0, -1,  1,  0,  0,  0,  0]
  [ 0,  0,  0,  0, -1,  1,  0,  0,  0]
  [ 0,  0,  0,  0,  0, -1,  1,  0,  0]
  [ 0,  0,  0,  0,  0,  0, -1,  1,  0]
  [ 0,  0,  0,  0,  0,  0,  0, -1,  1]
  [ 0,  0,  0,  0,  0,  0,  0,  0, -1]
Полученная J
J =
  [-1,  1,  0,  0,  0,  0,  0,  0,  0]
  [ 0, -1,  1,  0,  0,  0,  0,  0,  0]
  [ 0,  0, -1,  1,  0,  0,  0,  0,  0]
  [ 0,  0,  0, -1,  1,  0,  0,  0,  0]
  [ 0,  0,  0,  0, -1,  1,  0,  0,  0]
  [ 0,  0,  0,  0,  0, -1,  1,  0,  0]
  [ 0,  0,  0,  0,  0,  0, -1,  1,  0]
  [ 0,  0,  0,  0,  0,  0,  0, -1,  1]
  [ 0,  0,  0,  0,  0,  0,  0,  0, -1]
Результат сравнения J с исходной J: совпадают
Исходная P
P_src =
  [ 0,  0,  1, -5,  0,  0,  0,  0,  3]
  [ 0,  0,  0,  0,  0,  0,  0,  0, -1]
  [ 0,  0,  3,  0,  0,  0,  1,  0,  6]
  [ 0,  0,  0,  1,  0,  0,  0,  0,  0]
  [ 1,  0, -1,  0,  0,  0,  0,  0,  0]
  [ 0,  1,  0,  0,  0,  0,  0,  0,  0]
  [ 0,  0,  0,  0,  1,  0,  0,  0,  0]
  [ 0,  0,  0,  0,  0,  0,  0,  1,  0]
  [ 0,  0,  0,  0,  0,  1,  0,  0,  0]
Полученная P
P =
  [ 0,  0, -1,  5, -3, 15,  0,  0,  0]
  [ 0,  0,  0,  0,  0,  0,  0,  0,  1]
  [ 0,  0, -3,  0, -9,  0, -1,  0,  0]
  [ 0,  0,  0, -1,  0, -3,  0,  0,  0]
  [-1,  0, -2,  0,  3,  0,  3,  0,  0]
  [ 0, -1,  0, -3,  0,  0,  0,  3,  0]
  [ 0,  0,  0,  0, -1,  0, -3,  0,  0]
  [ 0,  0,  0,  0,  0,  0,  0, -1,  0]
  [ 0,  0,  0,  0,  0, -1,  0, -3,  0]
