====================================================================================================
Сгенерированный тест A = P J P^(-1) для целой матрицы
----------------------------------------------------------------------------------------------------
A =
  [ 2,  0, -4,  0,  0,  5,  3, -24]
  [ 0,  0,  0,  0,  0,  0,  0,  1]
  [ 0,  0, -1,  0,  0,  0,  0,  0]
  [ 0,  0,  0,  0,  0,  0,  0,  0]
  [ 0,  0,  0,  0,  0,  0,  0,  0]
  [ 0,  0,  1,  0,  0, -1,  0,  0]
  [ 7,  0,  2,  1,  0, 15,  6, -57]
  [ 1,  0,  0,  0,  0,  2,  1, -9]
Исходная J
J_src =
  [-1,  1,  0,  0,  0,  0,  0,  0]
  [ 0, -1,  1,  0,  0,  0,  0,  0]
  [ 0,  0, -1,  0,  0,  0,  0,  0]
  [ 0,  0,  0,  0,  1,  0,  0,  0]
  [ 0,  0,  0,  0,  0,  1,  0,  0]
  [ 0,  0,  0,  0,  0,  0,  1,  0]
  [ 0,  0,  0,  0,  0,  0,  0,  0]
  [ 0,  0,  0,  0,  0,  0,  0,  0]
Полученная J
J =
  [-1,  1,  0,  0,  0,  0,  0,  0]
  [ 0, -1,  1,  0,  0,  0,  0,  0]
  [ 0,  0, -1,  0,  0,  0,  0,  0]
  [ 0,  0,  0,  0,  1,  0,  0,  0]
  [ 0,  0,  0,  0,  0,  1,  0,  0]
  [ 0,  0,  0,  0,  0,  0,  1,  0]
  [ 0,  0,  0,  0,  0,  0,  0,  0]
  [ 0,  0,  0,  0,  0,  0,  0,  0]
Результат сравнения J с исходной J: совпадают
Исходная P
P_src =
  [ 1,  4,  0,  0, -3,  0,  0,  0]
  [ 0,  0,  0, -1,  0,  0,  0,  0]
  [ 0,  0, -1,  0,  0,  0,  0,  0]
  [ 0,  0,  0,  0,  0,  0, -1,  0]
  [ 0,  0,  0,  0,  0,  0, -2,  1]
  [ 0, -1,  0,  0,  0,  0,  0,  0]
  [-1, -2,  0,  0, -6, -1,  0,  0]
  [ 0,  0,  0,  0, -1,  0,  0,  0]
Полученная P
P =
  [-1, -4,  0,  0,  3,  0,  0,  0]
  [ 0,  0,  0,  1,  0,  0,  0,  0]
  [ 0,  0,  1,  0,  0,  0,  0,  0]
  [ 0,  0,  0,  0,  0,  0,  1,  0]
  [ 0,  0,  0,  0,  0,  0,  0,  1]
  [ 0,  1,  0,  0,  0,  0,  0,  0]
  [ 1,  2,  0,  0,  6,  1,  0,  0]
  [ 0,  0,  0,  0,  1,  0,  0,  0]
